1566 1756 0.986657
545 547 0.986103
1183 4603 0.985019
1756 1821 0.984504
1756 1825 0.984299
4164 6016 0.984048
1183 1184 0.983413
4897 4976 0.983215
4603 4604 0.983074
2490 2707 0.982467
647 649 0.982306
1183 4604 0.982244
1566 1821 0.982185
252 3093 0.980857
3093 5730 0.980590
1823 2707 0.979192
4167 5818 0.979158
1756 2490 0.978704
1821 1825 0.977254
252 5730 0.977135
1823 1825 0.977123
220 1183 0.976913
3239 5679 0.976827
220 1184 0.976507
1823 4162 0.975802
3453 4243 0.975566
5818 6018 0.975416
1565 1822 0.975381
924 3218 0.975282
5394 5395 0.975266
101 220 0.974761
1566 1825 0.974490
1566 2490 0.973838
2707 4162 0.973624
4164 4165 0.973566
575 4488 0.973417
299 879 0.973254
1903 3239 0.972780
1821 2490 0.972687
220 4604 0.972438
4281 5933 0.972167
220 4603 0.972060
1825 2490 0.972009
3871 4036 0.971960
723 3808 0.971904
299 880 0.971562
4165 6016 0.971295
1567 5818 0.970977
3239 4281 0.970965
219 4603 0.970206
723 1637 0.969884
4163 4164 0.969869
252 717 0.969500
2997 5074 0.969394
299 5792 0.969377
3147 5818 0.969286
6016 6017 0.969265
717 3093 0.968926
545 3882 0.968629
4164 4167 0.968612
4164 5818 0.968524
2490 4162 0.968303
1599 4997 0.968144
1903 5679 0.967978
2441 6017 0.967431
4195 4281 0.966926
2926 4081 0.966865
1756 1823 0.966492
3482 5354 0.966426
1756 2707 0.966369
3453 5354 0.966367
1184 4603 0.966335
4281 5679 0.966326
1678 4909 0.966244
101 102 0.966138
2296 5949 0.966109
2744 4850 0.965748
2773 3423 0.965736
1544 1684 0.965660
4167 6018 0.965430
3093 4953 0.965407
3641 5934 0.965340
1756 4162 0.965261
3647 5107 0.965096
2053 3453 0.964999
2744 3419 0.964895
2810 4195 0.964737
1825 2707 0.964708
97 305 0.964703
1567 4167 0.964671
2002 5107 0.964624
1825 4162 0.964532
3887 4458 0.964499
2881 4167 0.964417
4165 6018 0.964414
2957 4243 0.964150
2490 3705 0.964055
879 5949 0.963880
4165 4167 0.963790
933 1268 0.963787
2773 3660 0.963631
1821 1823 0.963432
4749 5104 0.963322
219 220 0.963076
1121 2248 0.963056
2491 2707 0.962946
2939 2941 0.962842
1794 3761 0.962642
1823 2490 0.962335
717 5730 0.962008
1566 4162 0.961911
577 4488 0.961666
4163 6016 0.961475
219 1184 0.961359
3117 3118 0.961334
2881 3147 0.961290
299 1637 0.961202
299 5949 0.960767
3890 4596 0.960694
2881 5818 0.960558
1567 4164 0.960451
567 3081 0.960360
4685 4691 0.960327
208 210 0.960324
452 2557 0.960134
547 1461 0.960065
879 880 0.959979
1566 1823 0.959921
299 3423 0.959873
3218 4097 0.959783
4194 4195 0.959667
5618 5620 0.959279
2254 6016 0.959167
1637 5792 0.959167
3546 3547 0.959121
5693 5933 0.959017
2441 2491 0.958982
880 2296 0.958962
2578 5520 0.958934
3300 4488 0.958929
2290 2957 0.958831
1691 2633 0.958571
1603 1981 0.958550
264 994 0.958393
4141 5669 0.958319
2039 2595 0.958251
1678 6016 0.958090
4165 5818 0.957932
1822 2490 0.957782
101 4603 0.957651
1565 2490 0.957484
299 2297 0.957369
102 1184 0.957275
3082 3473 0.957270
723 879 0.957262
902 2265 0.957105
2957 3453 0.957084
1637 3423 0.957038
1599 4473 0.957009
219 1183 0.956910
1084 4488 0.956886
723 5182 0.956834
102 219 0.956806
1821 4162 0.956751
1044 1121 0.956491
792 4379 0.956483
1395 1684 0.956467
872 4165 0.956403
880 5949 0.956313
5294 5632 0.956147
2707 3705 0.956141
4195 5679 0.956078
1184 4604 0.956072
2290 4243 0.956068
1821 2707 0.956030
575 3300 0.955851
1662 2845 0.955744
2557 3453 0.955701
1044 2290 0.955694
4871 5468 0.955668
1567 4165 0.955619
1565 1756 0.955308
3514 4558 0.955250
2466 2570 0.955132
1822 4162 0.954949
1903 4281 0.954884
1044 3218 0.954829
1565 4163 0.954789
1914 4953 0.954755
3352 3353 0.954723
717 4953 0.954711
4681 4819 0.954658
4188 4458 0.954612
3129 3479 0.954581
4167 4909 0.954485
3859 3861 0.954474
1545 1569 0.954424
2248 3218 0.954416
101 1184 0.954349
252 598 0.954104
4164 6017 0.953906
1121 1981 0.953744
575 577 0.953518
5313 5856 0.953308
2441 6016 0.953293
246 883 0.953092
2290 2390 0.952997
4167 6016 0.952899
3689 4879 0.952849
2785 2786 0.952812
880 5074 0.952738
1406 4779 0.952581
879 2297 0.952540
4211 4379 0.952523
1903 4195 0.952504
1637 4458 0.952420
246 4243 0.952384
2625 3671 0.952110
2827 4473 0.952038
2296 2997 0.951980
757 5730 0.951977
3626 3647 0.951912
3682 3871 0.951867
3626 3689 0.951821
2557 2957 0.951812
3458 4504 0.951709
4473 4997 0.951704
1252 4222 0.951674
2631 2776 0.951644
299 723 0.951611
1981 2248 0.951531
1550 2153 0.951500
1044 4595 0.951443
299 4458 0.951263
2936 5558 0.951260
2557 4243 0.951160
872 4880 0.951059
2707 4163 0.951000
4164 6018 0.950915
4165 5934 0.950896
3626 4879 0.950523
5818 6016 0.950418
1565 1821 0.950374
1822 4163 0.950278
1717 2393 0.950241
4630 5575 0.950067
5803 6016 0.949970
1566 1822 0.949890
394 396 0.949734
924 2248 0.949620
219 4604 0.949577
2253 5933 0.949528
3239 4195 0.949526
2554 2902 0.949498
3147 6018 0.949490
4458 4992 0.949489
101 219 0.949435
252 4953 0.949387
2906 4684 0.949367
4540 5061 0.949355
221 401 0.949350
545 1461 0.949277
880 2997 0.949255
547 3882 0.949121
97 2704 0.949106
2957 4101 0.949069
4212 5015 0.949007
1566 2707 0.948958
527 529 0.948953
4632 5551 0.948596
1044 2248 0.948592
246 2290 0.948536
4188 5934 0.948511
1306 4097 0.948501
723 3423 0.948494
3048 3409 0.948454
1717 2153 0.948382
1565 1566 0.948334
2844 5792 0.948266
994 5141 0.948176
736 1117 0.948098
102 220 0.948073
1771 1773 0.948002
2254 4164 0.947976
2297 4458 0.947773
2254 4162 0.947719
5679 5933 0.947617
2053 5354 0.947558
2441 4165 0.947545
5792 5949 0.947544
2957 5354 0.947513
1821 1822 0.947435
4276 5520 0.947410
879 3808 0.947369
5107 5294 0.947335
3081 3761 0.947313
5182 5934 0.947166
2881 6018 0.947114
2039 2918 0.947112
3592 4488 0.947031
3477 3479 0.947020
879 5792 0.947015
1637 2844 0.946981
4804 5002 0.946966
6016 6018 0.946926
2488 4332 0.946911
3409 3689 0.946845
717 757 0.946787
2973 4101 0.946677
4909 5934 0.946585
1717 2578 0.946558
3147 4167 0.946443
2153 4030 0.946411
5803 6017 0.946361
2290 5107 0.946296
577 3300 0.946293
3641 4188 0.946156
3879 4324 0.946126
2002 2290 0.946107
2881 4166 0.946103
2441 4164 0.946100
3971 5631 0.946045
2599 3224 0.946033
3803 3894 0.945711
4630 5970 0.945709
1565 2707 0.945705
3705 4162 0.945606
3376 3755 0.945595
103 219 0.945571
1460 4864 0.945568
757 758 0.945555
2491 4163 0.945539
842 3899 0.945532
1599 2021 0.945501
3218 4595 0.945477
3300 5530 0.945308
1211 5992 0.945301
2254 4880 0.945242
1121 3218 0.945201
4310 5575 0.945168
2290 2934 0.945106
4488 4850 0.945081
2441 5818 0.945012
299 4992 0.944993
577 3592 0.944990
5988 5989 0.944900
5934 6016 0.944886
2441 3147 0.944861
2660 4397 0.944811
523 4686 0.944777
1567 2441 0.944659
4483 4779 0.944650
568 3081 0.944636
717 2744 0.944538
2918 4779 0.944499
2254 3808 0.944481
1934 1935 0.944458
2321 5933 0.944455
4458 5792 0.944424
1960 4633 0.944400
3048 3689 0.944396
3015 3750 0.944175
2390 2957 0.944140
717 4850 0.944124
598 3093 0.944028
1678 2254 0.943959
4871 5701 0.943864
1460 3872 0.943757
3048 4595 0.943570
299 3808 0.943560
4639 4997 0.943554
1395 1544 0.943547
4243 5354 0.943446
5424 5874 0.943423
3164 3682 0.943403
4953 5730 0.943312
3682 4036 0.943266
4162 4164 0.943221
1062 1573 0.943133
133 519 0.943106
2053 4243 0.943090
4504 4845 0.942949
3147 6017 0.942922
4163 6017 0.942835
4233 5644 0.942830
101 4604 0.942816
5451 5644 0.942748
742 743 0.942681
4909 6016 0.942630
2744 3093 0.942624
2491 2708 0.942581
2264 4262 0.942574
519 5693 0.942565
101 103 0.942561
299 5074 0.942403
2926 3290 0.942378
1565 1825 0.942359
2290 3453 0.942283
1568 1637 0.942253
101 1183 0.942251
2490 4163 0.942228
3872 4966 0.942203
4164 4909 0.942195
1756 1822 0.942114
664 4962 0.942095
3048 3626 0.942053
1944 2562 0.941998
2441 2881 0.941983
598 717 0.941960
2543 2685 0.941917
4162 4163 0.941792
3318 4995 0.941744
1084 3300 0.941730
102 103 0.941717
2491 4162 0.941696
723 5792 0.941681
1824 2491 0.941591
1823 2491 0.941587
3239 5933 0.941576
3643 4620 0.941526
723 5949 0.941506
1568 3660 0.941283
3784 5411 0.941272
1934 2074 0.941238
883 2053 0.941220
1903 4194 0.941210
598 5730 0.941138
639 5294 0.941063
2881 4165 0.940953
783 2053 0.940862
3218 4362 0.940790
879 5182 0.940780
2297 5949 0.940735
513 1029 0.940721
1479 1712 0.940624
880 5792 0.940521
299 2296 0.940496
529 3104 0.940425
1567 6018 0.940399
2744 3031 0.940394
252 3031 0.940275
1934 3030 0.940172
895 3784 0.940146
1822 2707 0.940113
3318 3647 0.939999
3100 4217 0.939982
1044 2906 0.939957
4540 4703 0.939944
1058 2639 0.939903
2297 5989 0.939871
1460 4537 0.939847
1478 2562 0.939812
3482 5551 0.939787
1778 1917 0.939780
1717 3527 0.939679
783 2290 0.939678
2296 5989 0.939676
799 1030 0.939576
2441 4163 0.939561
1717 2462 0.939419
5182 5949 0.939412
3048 4685 0.939410
1678 4165 0.939385
299 2773 0.939313
3093 4850 0.939241
3048 3318 0.939209
523 2393 0.939125
2296 2297 0.939094
1823 1824 0.939081
5551 5632 0.939042
5107 5125 0.939025
5818 6017 0.938994
2560 3048 0.938852
3482 5294 0.938808
2002 3647 0.938795
2254 4163 0.938767
2554 3770 0.938693
1678 3808 0.938680
4632 4746 0.938674
1452 2942 0.938668
734 2906 0.938666
2345 3980 0.938574
2934 4595 0.938558
2784 3625 0.938505
657 1568 0.938477
65 299 0.938417
1532 3290 0.938415
3104 4880 0.938403
2002 3453 0.938400
2491 6017 0.938373
5546 5777 0.938325
820 3423 0.938294
518 1109 0.938261
54 3926 0.938259
2425 4681 0.938248
598 2784 0.938243
1878 4504 0.938138
3453 3647 0.938081
723 5934 0.938056
4552 4739 0.938053
577 1935 0.938044
1690 3484 0.937923
452 4243 0.937881
4165 6017 0.937641
5689 5856 0.937590
547 3458 0.937561
3482 5632 0.937544
2784 5278 0.937520
419 3005 0.937361
2902 3770 0.937361
2297 5792 0.937344
1132 1400 0.937289
3453 5107 0.937268
2296 5074 0.937247
2579 2814 0.937180
3423 5792 0.937147
2345 4097 0.937135
2323 3538 0.937096
65 879 0.937079
3808 4880 0.937072
246 649 0.937022
3689 3788 0.937018
3879 3901 0.936964
1756 3705 0.936943
2633 3491 0.936891
2321 4281 0.936832
3409 4262 0.936831
1662 5691 0.936827
4992 5792 0.936775
4165 5182 0.936738
3178 3704 0.936706
2071 2263 0.936688
1822 2254 0.936678
3544 5394 0.936648
547 2507 0.936608
5949 5989 0.936545
3808 5934 0.936507
3538 3872 0.936455
3626 4685 0.936346
2595 4504 0.936325
1236 3514 0.936296
1044 1960 0.936269
3453 4101 0.936260
3808 6016 0.936192
812 813 0.936091
299 2997 0.936086
1920 2490 0.936073
4262 4685 0.935965
1678 5934 0.935938
1268 1270 0.935829
1121 2290 0.935787
4324 5061 0.935603
1823 3705 0.935596
2264 3738 0.935563
3313 5802 0.935540
1566 3705 0.935466
4165 4909 0.935433
473 1137 0.935378
872 879 0.935339
879 2296 0.935337
246 2557 0.935323
452 3482 0.935251
1460 3538 0.935219
3031 4850 0.935195
2639 5934 0.935189
2973 4595 0.935135
3808 5691 0.935107
2862 2974 0.935070
1794 1979 0.935056
1757 4163 0.934985
184 567 0.934916
4537 4864 0.934904
1576 3770 0.934892
1550 5974 0.934864
560 584 0.934743
757 759 0.934736
246 647 0.934718
872 3808 0.934693
3391 3453 0.934644
3071 4243 0.934628
2290 3647 0.934603
575 3592 0.934516
5689 5707 0.934516
4649 4976 0.934440
1783 4716 0.934402
65 880 0.934369
5074 5949 0.934317
5569 5802 0.934307
4164 5934 0.934262
1678 4880 0.934247
883 2290 0.934176
3453 4596 0.934156
3423 3808 0.934072
2554 5070 0.933890
883 2934 0.933878
639 3482 0.933873
3174 3176 0.933854
4100 4596 0.933843
3453 4879 0.933842
3538 4966 0.933837
1550 4286 0.933741
2441 4167 0.933734
5626 5986 0.933690
2579 3048 0.933689
4357 4401 0.933669
2296 4883 0.933651
1152 3899 0.933638
1452 4849 0.933638
3031 3093 0.933621
3097 3265 0.933621
1756 4163 0.933611
1306 3218 0.933610
4850 4953 0.933609
3318 4595 0.933573
2660 3324 0.933538
1471 2154 0.933527
2639 5182 0.933502
4162 6016 0.933501
1822 1825 0.933493
2290 3218 0.933482
2248 2290 0.933463
3453 4595 0.933463
1637 3808 0.933460
545 2578 0.933408
3883 4552 0.933377
5422 5969 0.933364
133 1110 0.933347
4101 4243 0.933325
759 4851 0.933292
2531 2557 0.933220
523 2153 0.933207
4165 5803 0.933163
883 1044 0.933154
1678 4164 0.932942
2916 2920 0.932933
883 4595 0.932898
577 1084 0.932896
4162 6017 0.932795
717 3031 0.932774
252 2784 0.932770
4279 4504 0.932737
545 4845 0.932627
1960 2248 0.932621
2666 3359 0.932546
3453 3890 0.932537
4488 5530 0.932520
4194 4281 0.932518
879 5989 0.932510
3129 3477 0.932474
1794 3081 0.932450
1566 1920 0.932446
1678 4167 0.932359
3689 4685 0.932358
1822 6016 0.932353
3071 4100 0.932331
529 2881 0.932326
576 577 0.932296
1616 2260 0.932209
792 4211 0.932103
1599 2833 0.932076
1635 1680 0.932054
3030 3625 0.932041
2744 5730 0.932034
4163 5818 0.932028
2456 5669 0.932006
1824 3147 0.931998
3048 3647 0.931951
3632 4510 0.931946
4165 4880 0.931943
3544 4697 0.931899
880 2334 0.931883
2744 3030 0.931875
299 2844 0.931859
2906 3219 0.931830
1646 3452 0.931788
505 720 0.931706
3803 5575 0.931607
2531 3486 0.931585
1981 2390 0.931560
1599 4639 0.931512
2827 2833 0.931503
5313 5850 0.931500
3647 4879 0.931484
1822 4164 0.931476
3330 4746 0.931449
523 1550 0.931395
542 564 0.931386
758 759 0.931383
4281 5693 0.931365
639 2053 0.931364
2557 5354 0.931335
2390 5107 0.931302
1960 3330 0.931248
2039 3610 0.931179
2957 3482 0.931165
3500 5170 0.931098
4243 5107 0.931090
79 4337 0.931078
1824 2441 0.931032
4504 5974 0.930998
3149 5749 0.930991
3338 3647 0.930989
2290 4101 0.930966
879 1637 0.930934
545 5520 0.930914
3071 5486 0.930879
2881 6017 0.930853
1712 5527 0.930835
3641 3808 0.930828
4629 4630 0.930813
565 1637 0.930678
3110 5701 0.930602
5989 6018 0.930601
723 4458 0.930592
4595 4685 0.930585
1565 1823 0.930581
1567 6016 0.930538
2393 3527 0.930518
4202 4325 0.930483
3219 3647 0.930403
3313 4262 0.930304
734 3218 0.930276
1565 4162 0.930269
1821 3705 0.930184
2039 4564 0.930096
519 5933 0.930089
1541 1707 0.930083
2002 2248 0.930031
1121 4646 0.930018
2810 4281 0.929981
2254 4439 0.929965
598 3414 0.929930
2039 4504 0.929902
4101 4684 0.929781
1960 2906 0.929646
1029 1726 0.929612
1550 4504 0.929607
3330 5419 0.929607
1637 4992 0.929595
4324 4540 0.929567
4659 5059 0.929528
3544 5395 0.929524
3808 5182 0.929493
2021 2835 0.929482
598 4953 0.929430
1979 3761 0.929417
1794 4473 0.929410
1567 2881 0.929407
2389 3264 0.929313
723 3641 0.929311
880 2366 0.929265
3660 4350 0.929258
840 1001 0.929246
2002 3338 0.929240
783 3980 0.929157
924 4097 0.929153
1406 4564 0.929140
2290 3980 0.929123
700 989 0.929115
657 1637 0.929073
452 2957 0.929049
1913 2071 0.928951
1933 1935 0.928931
2070 2153 0.928897
2297 4188 0.928819
545 3458 0.928781
3031 5730 0.928771
1903 5933 0.928765
3738 4262 0.928758
4799 5266 0.928747
4473 4639 0.928665
892 1924 0.928633
2814 3048 0.928615
2490 6016 0.928610
107 5992 0.928610
1568 4458 0.928596
2390 3071 0.928592
3031 4851 0.928573
1822 1823 0.928558
1823 4163 0.928524
2556 2560 0.928511
2708 4163 0.928476
1824 4162 0.928467
4630 5778 0.928424
3048 3453 0.928410
3218 4685 0.928381
924 1121 0.928356
1194 3498 0.928356
2053 3482 0.928354
2243 3676 0.928344
702 728 0.928260
4653 5182 0.928240
1960 3219 0.928236
299 1058 0.928229
1998 4630 0.928223
2002 2390 0.928191
3020 5130 0.928176
2881 3104 0.928160
1058 3423 0.928121
2490 4164 0.928106
2379 3491 0.928069
2264 3313 0.928053
1825 3705 0.927998
2321 4268 0.927938
1717 3971 0.927859
4522 4687 0.927845
747 1919 0.927840
1567 5182 0.927794
732 1589 0.927785
3391 4243 0.927773
3071 3453 0.927752
757 3093 0.927748
529 4166 0.927722
246 2957 0.927709
2660 3902 0.927579
872 1678 0.927559
2916 2940 0.927502
3147 4165 0.927497
4100 4243 0.927473
2918 3610 0.927472
2957 3071 0.927454
1214 1216 0.927454
723 1058 0.927443
4504 4910 0.927413
2051 2560 0.927391
252 757 0.927379
2002 4243 0.927374
1960 3387 0.927332
2723 5325 0.927261
3429 4143 0.927256
2902 5549 0.927254
3933 4077 0.927158
2601 5468 0.927142
3048 4262 0.927124
3538 3927 0.927099
2633 3990 0.927053
1567 3147 0.927017
1717 5520 0.926989
1914 3093 0.926977
3653 5912 0.926946
1551 3124 0.926924
545 2507 0.926864
2947 3105 0.926859
532 560 0.926846
872 2296 0.926838
246 2934 0.926785
928 2623 0.926776
783 3453 0.926770
3240 4194 0.926768
569 3761 0.926747
2997 5949 0.926678
2744 4488 0.926658
2934 3453 0.926644
5575 5778 0.926628
2812 3243 0.926568
3482 3926 0.926462
3538 5466 0.926454
246 2053 0.926364
738 2431 0.926311
1110 3918 0.926310
2707 6017 0.926295
1821 4163 0.926283
730 2995 0.926265
4097 4684 0.926245
1945 2611 0.926226
2660 3900 0.926182
4286 4686 0.926171
2625 4262 0.926157
1678 4439 0.926127
1550 5626 0.926103
3971 4276 0.926047
2781 3090 0.926045
545 1919 0.925998
34 1121 0.925980
1016 4649 0.925968
1567 4163 0.925967
2251 3092 0.925962
2441 4162 0.925953
3558 3647 0.925951
209 1823 0.925939
471 2557 0.925936
2611 4558 0.925934
720 2024 0.925904
523 4287 0.925895
1802 2107 0.925881
1287 1461 0.925879
3331 4558 0.925877
3354 4909 0.925867
872 5691 0.925861
1624 1883 0.925844
1566 4163 0.925796
2862 4194 0.925795
2685 3707 0.925788
1479 2488 0.925776
65 5792 0.925710
4458 5701 0.925708
2153 3527 0.925625
4324 4633 0.925599
801 1541 0.925594
1669 2071 0.925585
1202 1217 0.925552
3300 3498 0.925542
2522 4658 0.925516
2557 3980 0.925498
4685 4879 0.925487
1934 4488 0.925485
4483 4627 0.925423
2290 3219 0.925393
3883 4739 0.925386
3048 4879 0.925370
1567 4909 0.925362
3887 5701 0.925319
3318 4685 0.925278
2490 2491 0.925253
840 4608 0.925216
4629 5575 0.925207
3147 4164 0.925206
2578 3882 0.925193
569 1794 0.925192
3071 3482 0.925186
1269 4101 0.925182
1131 1147 0.925171
3437 4524 0.925169
3808 4165 0.925156
1478 2039 0.925138
3325 3522 0.925131
5249 5748 0.925121
3882 4455 0.925093
246 452 0.925081
3104 3808 0.925075
1380 1563 0.925053
219 5665 0.925047
639 5632 0.925008
880 3423 0.924999
4188 4880 0.924989
783 1044 0.924971
2297 4992 0.924958
3527 5493 0.924927
758 4851 0.924914
883 4394 0.924898
103 1184 0.924880
3900 3918 0.924880
2290 2557 0.924856
787 1115 0.924851
2881 4164 0.924849
1288 3527 0.924816
299 5691 0.924811
3409 3626 0.924799
2784 5730 0.924713
1637 2773 0.924694
664 3650 0.924677
2773 4458 0.924644
3074 5961 0.924639
3761 4689 0.924616
1824 2707 0.924595
864 2726 0.924565
734 4712 0.924544
2726 5205 0.924536
795 986 0.924494
483 1371 0.924461
4268 5575 0.924429
780 2685 0.924384
2833 4473 0.924383
558 869 0.924358
880 2297 0.924308
2556 2906 0.924306
155 2053 0.924242
1507 4473 0.924229
722 2226 0.924193
2253 5679 0.924168
4286 4504 0.924157
4646 4684 0.924128
2812 4379 0.924116
872 880 0.924106
3808 4188 0.924098
3290 5395 0.924083
3578 3768 0.924040
1184 5395 0.924036
1460 4966 0.924025
2305 5061 0.924010
1566 4164 0.923980
3219 5107 0.923947
1044 2934 0.923863
783 1269 0.923841
299 5989 0.923811
4909 5818 0.923810
4030 4456 0.923776
3918 5527 0.923761
2290 4595 0.923712
2810 5970 0.923643
3391 3890 0.923641
1853 2234 0.923639
4101 4646 0.923628
2254 4165 0.923606
1920 3705 0.923570
3671 4219 0.923543
3218 3318 0.923524
575 4565 0.923465
3660 4458 0.923434
3482 4243 0.923428
3081 3840 0.923423
723 2639 0.923402
4992 5074 0.923396
3500 3647 0.923385
758 2744 0.923376
3334 3486 0.923351
639 5551 0.923310
2337 4547 0.923302
1717 4276 0.923243
183 1599 0.923242
101 3750 0.923225
65 5988 0.923223
3270 5669 0.923203
3833 4995 0.923200
3453 3482 0.923197
2707 6016 0.923164
299 3887 0.923140
2441 2707 0.923097
4880 6016 0.923096
4632 5419 0.923084
1479 4332 0.923069
758 4565 0.923065
2934 4362 0.923044
734 1044 0.923036
587 2069 0.922965
183 4689 0.922959
757 2744 0.922921
3423 4458 0.922912
2851 4849 0.922908
2073 3286 0.922902
1394 1723 0.922879
577 3030 0.922871
678 3279 0.922858
1145 1147 0.922846
523 1717 0.922831
868 1616 0.922817
924 1269 0.922787
2957 5569 0.922787
1924 2640 0.922771
4918 5394 0.922746
4166 6017 0.922684
2940 3664 0.922660
1001 1944 0.922645
1490 2441 0.922643
4141 5122 0.922639
2107 4556 0.922597
3268 4546 0.922578
1823 2441 0.922574
1183 5395 0.922568
883 3453 0.922566
5201 5627 0.922550
40 448 0.922550
4195 4268 0.922539
723 2297 0.922526
6017 6018 0.922525
783 4243 0.922524
4603 5395 0.922491
4195 5933 0.922473
883 3714 0.922471
3641 5182 0.922460
4219 4525 0.922430
2009 2503 0.922398
2264 4097 0.922397
3104 4165 0.922372
1690 5712 0.922369
3482 5107 0.922308
1145 1171 0.922303
647 783 0.922299
3318 3453 0.922290
2290 4646 0.922250
1564 1566 0.922238
184 3081 0.922234
1717 4030 0.922213
1823 6017 0.922203
246 3453 0.922196
4035 5628 0.922170
5025 5315 0.922144
4879 5354 0.922129
103 220 0.922125
664 2238 0.922118
2127 2311 0.922085
1693 4827 0.922085
2356 2685 0.922084
493 1029 0.922027
2235 3514 0.922014
547 2578 0.921998
2002 2957 0.921962
2507 3527 0.921943
2002 5354 0.921939
4164 5803 0.921907
3647 4595 0.921905
1945 2419 0.921902
1147 1171 0.921874
3071 5354 0.921864
2881 6016 0.921841
2002 3219 0.921833
4268 4630 0.921822
1985 2005 0.921820
3081 5764 0.921813
3150 5170 0.921804
2792 4709 0.921750
1101 1945 0.921742
21 219 0.921739
4403 4565 0.921730
1773 2164 0.921707
2314 3336 0.921663
2934 4101 0.921657
562 1232 0.921648
1306 4684 0.921642
4963 5486 0.921609
2248 3650 0.921607
3391 4101 0.921580
3872 5992 0.921576
246 783 0.921564
3595 4337 0.921562
1121 1960 0.921556
2002 3071 0.921535
2296 4307 0.921534
1756 4164 0.921515
155 4394 0.921513
3147 4166 0.921500
2456 4141 0.921494
3498 4488 0.921428
523 5493 0.921397
421 2323 0.921382
3705 4163 0.921379
4909 6018 0.921373
3239 4194 0.921368
4163 4167 0.921363
1935 4488 0.921348
1603 5317 0.921320
2719 4878 0.921279
3224 4620 0.921278
3808 5949 0.921257
765 3534 0.921245
3218 3647 0.921240
3764 3933 0.921233
2280 2398 0.921203
1693 2053 0.921201
1236 1610 0.921199
2974 4194 0.921169
252 2744 0.921139
2162 5788 0.921137
2572 5227 0.921128
1288 2070 0.921107
2507 3882 0.921096
3980 4243 0.921052
5002 5803 0.921031
723 4188 0.921027
2120 4262 0.920976
2120 4097 0.920963
1345 3376 0.920957
1532 4687 0.920956
781 795 0.920938
1678 5691 0.920904
1394 2579 0.920901
2345 3218 0.920898
2578 4276 0.920898
2812 3075 0.920884
3240 4195 0.920848
3695 4312 0.920843
1110 4281 0.920833
2517 3044 0.920819
3894 5778 0.920817
2297 2334 0.920815
2957 3980 0.920813
1460 3927 0.920779
2833 5918 0.920777
1158 3598 0.920733
4163 4165 0.920699
501 1137 0.920698
2296 5988 0.920694
3592 4850 0.920673
3882 4845 0.920656
1661 1828 0.920651
1011 1169 0.920648
290 400 0.920611
4307 5758 0.920602
787 3548 0.920587
65 5949 0.920566
3453 5684 0.920555
3339 3761 0.920532
1568 5701 0.920513
2906 4595 0.920511
880 4307 0.920511
208 1824 0.920466
880 5988 0.920455
3544 4603 0.920449
1497 1618 0.920449
103 4603 0.920440
3093 5641 0.920429
3650 3980 0.920396
1406 2918 0.920358
1057 1077 0.920353
1568 5792 0.920336
4880 5002 0.920284
3338 5107 0.920271
3512 5842 0.920270
883 4243 0.920231
2235 2755 0.920214
3218 5456 0.920173
2934 2973 0.920136
1840 2578 0.920135
717 4488 0.920123
783 883 0.920120
3104 4167 0.920090
2080 4736 0.920065
3474 3784 0.920064
3682 4041 0.920063
924 1225 0.920051
4819 5721 0.920040
4629 5778 0.920022
2744 2784 0.919972
868 2260 0.919931
4167 6017 0.919923
2254 5803 0.919901
1306 3387 0.919898
1269 5569 0.919851
1555 3840 0.919795
1565 4164 0.919762
2441 5803 0.919727
2707 4164 0.919696
1567 5934 0.919691
4097 4685 0.919674
2514 5778 0.919674
5278 5341 0.919644
626 1894 0.919636
2541 2943 0.919635
473 2882 0.919630
1406 2039 0.919626
3808 4909 0.919491
787 1650 0.919475
1960 1981 0.919471
2153 2578 0.919465
3041 3096 0.919421
2639 3808 0.919381
1960 4819 0.919376
102 4603 0.919373
4473 5393 0.919358
1269 1306 0.919340
1269 3980 0.919260
2906 3218 0.919259
594 4910 0.919244
3147 6016 0.919233
2441 6018 0.919221
879 3423 0.919166
1380 1877 0.919146
2862 4195 0.919119
4332 5092 0.919110
583 2154 0.919103
3832 5325 0.919101
3219 3338 0.919086
2053 4595 0.919006
2254 2490 0.919006
452 2390 0.919003
523 3527 0.919003
4038 4558 0.918950
2053 5926 0.918939
4918 5665 0.918935
1550 1717 0.918931
1637 5949 0.918910
3862 3864 0.918904
3330 4632 0.918891
1040 3479 0.918882
2053 2557 0.918876
3071 3926 0.918854
795 984 0.918849
2815 5673 0.918839
1849 1922 0.918820
3473 3474 0.918793
3808 5989 0.918779
1111 1264 0.918755
1306 3525 0.918747
2741 5341 0.918733
3318 3500 0.918727
1825 4163 0.918721
3104 6018 0.918704
2254 3641 0.918675
3338 3339 0.918660
3765 4638 0.918659
2254 2707 0.918646
783 4101 0.918573
4243 4646 0.918570
2248 4684 0.918562
596 692 0.918532
4632 5486 0.918514
2917 2918 0.918504
2053 4100 0.918500
2773 4350 0.918485
1825 2254 0.918479
1567 2708 0.918458
4101 5354 0.918456
2177 2672 0.918453
3022 3574 0.918448
4140 4471 0.918431
1637 2297 0.918429
1728 2114 0.918342
2297 3887 0.918338
2957 5107 0.918312
452 2290 0.918303
1507 5393 0.918294
1960 2290 0.918293
5064 5569 0.918290
3375 5130 0.918289
2785 4851 0.918285
3264 5567 0.918263
1269 2345 0.918245
2334 4992 0.918180
2390 3900 0.918146
5658 5855 0.918145
3300 4403 0.918139
2074 4850 0.918117
3872 3927 0.918086
639 647 0.918079
2002 4101 0.918041
1362 3100 0.918029
2958 3148 0.917977
358 2557 0.917965
1507 3224 0.917944
2928 3770 0.917938
2918 4627 0.917936
4992 5701 0.917936
1269 3218 0.917935
3900 4632 0.917935
3173 4286 0.917890
2491 3147 0.917886
3419 4850 0.917883
872 5949 0.917874
3645 4209 0.917861
4455 4845 0.917857
2744 4851 0.917846
4024 4620 0.917811
183 3761 0.917791
2431 4993 0.917789
859 5992 0.917780
5429 5855 0.917778
1479 5527 0.917743
1568 2773 0.917737
529 4880 0.917731
1460 3283 0.917726
3458 4771 0.917713
252 1914 0.917690
102 1183 0.917688
3955 5863 0.917666
577 1934 0.917665
664 2053 0.917661
3313 3738 0.917613
4282 4460 0.917608
1149 1171 0.917580
898 2488 0.917566
547 5520 0.917550
2934 3218 0.917515
1152 2323 0.917513
4603 5665 0.917497
5410 5411 0.917495
3872 4537 0.917490
1169 1197 0.917476
577 1046 0.917449
3318 5107 0.917436
2491 6016 0.917417
817 1108 0.917400
2053 2290 0.917386
3329 3514 0.917364
3173 4779 0.917333
4966 5412 0.917332
21 5665 0.917308
1824 2881 0.917304
3482 4632 0.917278
575 1934 0.917234
246 5763 0.917207
1677 1981 0.917179
1362 4028 0.917166
4966 5466 0.917148
3423 3660 0.917131
4864 5531 0.917129
3900 4397 0.917124
3423 3641 0.917100
2294 3954 0.917096
3045 3647 0.917079
579 1545 0.917068
1825 4164 0.917060
4746 5419 0.917058
594 4279 0.917057
2810 5679 0.917038
918 1237 0.917031
4850 5730 0.917023
880 5989 0.917015
2021 4639 0.917009
491 1035 0.917005
4127 4472 0.916990
3968 4089 0.916982
2153 4286 0.916968
4779 5626 0.916964
299 2334 0.916940
2844 5949 0.916929
3761 4473 0.916906
2053 2957 0.916904
523 3987 0.916870
587 747 0.916867
2602 3165 0.916826
21 110 0.916799
569 1110 0.916796
3318 3833 0.916791
2531 3045 0.916778
252 5627 0.916776
2844 3423 0.916724
1442 2143 0.916721
1637 4188 0.916665
2107 4918 0.916649
994 4629 0.916640
1448 3038 0.916639
3129 3385 0.916636
2254 6017 0.916606
1269 3391 0.916592
840 4910 0.916589
717 4851 0.916577
4362 5721 0.916573
1084 3498 0.916563
933 1270 0.916556
4167 5934 0.916542
3714 3890 0.916540
880 5745 0.916537
2248 3980 0.916516
584 4152 0.916504
2660 2726 0.916501
2490 6017 0.916485
1920 4162 0.916472
1717 5631 0.916449
3030 3419 0.916447
2390 4243 0.916436
1442 1765 0.916429
3071 5107 0.916414
3653 5378 0.916412
2441 2708 0.916405
2810 5575 0.916387
4268 4310 0.916386
4394 5026 0.916327
924 1306 0.916309
872 5934 0.916246
1693 1960 0.916212
5691 5792 0.916194
4880 5834 0.916193
3996 3998 0.916166
2810 4268 0.916127
1112 5399 0.916102
5707 5856 0.916081
184 3761 0.916072
3647 3689 0.916059
4667 5122 0.916037
2773 2845 0.916032
568 3840 0.916025
2297 5758 0.916022
23 2053 0.915998
1662 3038 0.915972
2728 3587 0.915956
2934 3647 0.915923
567 568 0.915916
4097 4262 0.915884
3162 3321 0.915877
1460 5823 0.915873
5803 5934 0.915860
3409 4685 0.915858
1981 2002 0.915853
1345 3375 0.915832
2053 4962 0.915815
2556 4595 0.915812
2393 4287 0.915811
3887 4188 0.915786
1087 2127 0.915741
2334 5074 0.915707
65 5989 0.915683
1772 1949 0.915663
1637 3887 0.915662
448 3761 0.915657
4697 5394 0.915635
4024 4262 0.915622
647 2053 0.915609
1960 4100 0.915549
1637 2942 0.915543
2358 3971 0.915542
299 5182 0.915532
1395 2230 0.915504
3927 5992 0.915476
2773 3808 0.915438
1184 5394 0.915391
220 5395 0.915379
1610 3514 0.915364
1878 4686 0.915346
529 4167 0.915335
4976 5411 0.915334
523 5626 0.915298
2723 3429 0.915280
4362 4685 0.915269
3257 3585 0.915252
1981 2290 0.915222
3286 3602 0.915185
2491 2881 0.915180
1537 4524 0.915117
802 1544 0.915096
880 3808 0.915090
1824 6017 0.915077
730 2254 0.915058
4243 4596 0.915054
879 1058 0.915018
1460 5992 0.915014
2958 4472 0.915009
575 4850 0.915006
4681 5551 0.915004
4646 5569 0.914994
4322 4325 0.914980
3453 4995 0.914951
2578 5631 0.914921
5127 5799 0.914903
952 4524 0.914879
1044 2973 0.914856
4324 4681 0.914850
2053 4819 0.914846
523 2070 0.914822
1568 4350 0.914821
229 2315 0.914815
4603 5394 0.914797
4008 5284 0.914794
5182 6018 0.914787
924 3980 0.914765
3887 4643 0.914749
575 2744 0.914744
3423 5949 0.914715
3409 4595 0.914713
452 5354 0.914705
840 4504 0.914589
3714 4879 0.914575
3045 5107 0.914550
215 717 0.914530
3121 4101 0.914518
3538 5412 0.914490
2813 5928 0.914483
1934 2744 0.914468
4162 4439 0.914462
3647 4243 0.914450
1599 3106 0.914450
1717 4504 0.914436
3375 3376 0.914433
561 563 0.914430
4510 5783 0.914421
3926 4293 0.914405
2491 3705 0.914404
4992 5223 0.914380
5899 5901 0.914364
564 751 0.914348
2345 2557 0.914317
4921 5125 0.914302
1183 3544 0.914270
5294 5551 0.914265
65 5691 0.914237
4995 5354 0.914228
2390 3219 0.914221
562 727 0.914218
23 3453 0.914205
2918 4564 0.914169
5632 5951 0.914153
519 4281 0.914112
3218 4684 0.914077
3219 4595 0.914076
1317 3742 0.914071
1058 5182 0.914049
1756 1920 0.914011
2973 3318 0.913997
2785 5001 0.913995
5486 5625 0.913979
924 1044 0.913976
1993 2355 0.913965
5949 5988 0.913951
1044 2002 0.913949
4097 4101 0.913946
4596 4646 0.913876
4880 5934 0.913873
5494 5658 0.913858
1184 1532 0.913856
783 3218 0.913852
99 140 0.913851
2557 3391 0.913824
1821 6016 0.913776
1960 5419 0.913759
2579 3453 0.913753
3705 4164 0.913738
2639 3641 0.913727
5170 5707 0.913725
2053 3071 0.913720
168 4577 0.913719
1823 4164 0.913717
3453 3626 0.913717
545 4504 0.913717
2809 3341 0.913694
649 3980 0.913687
1306 2345 0.913665
5630 5842 0.913664
2997 4307 0.913607
4028 4217 0.913589
2297 4883 0.913575
2153 3005 0.913567
3576 3666 0.913554
518 2253 0.913527
5454 5644 0.913505
1823 6016 0.913504
1944 4910 0.913494
1981 3218 0.913481
577 5530 0.913447
1992 2110 0.913427
3799 4014 0.913424
656 1029 0.913381
3211 3615 0.913379
2755 2938 0.913365
744 3872 0.913362
3375 5891 0.913321
1568 3423 0.913316
742 3093 0.913306
4166 4167 0.913301
2359 5669 0.913271
1555 4575 0.913259
452 3453 0.913241
1756 2254 0.913223
129 5026 0.913217
4455 4504 0.913209
5343 5468 0.913173
2784 5001 0.913164
3971 5520 0.913152
2773 5792 0.913150
4689 5380 0.913126
3890 4243 0.913122
1044 3453 0.913106
5254 5829 0.913081
3154 4038 0.913076
3788 4620 0.913074
4792 5575 0.913058
2253 4281 0.913057
3219 4101 0.913055
1981 2957 0.913043
2292 3048 0.912977
2557 4646 0.912962
872 3104 0.912947
2815 4910 0.912923
1821 4164 0.912894
523 3173 0.912888
1599 2827 0.912878
2125 2311 0.912877
2236 2748 0.912876
34 1981 0.912833
1327 3113 0.912812
3129 3653 0.912774
658 1992 0.912769
5216 5234 0.912767
723 6016 0.912766
4473 4689 0.912756
523 4379 0.912755
4279 4910 0.912749
4188 5792 0.912748
1269 4097 0.912739
2264 4233 0.912715
2623 4691 0.912706
770 1131 0.912696
2053 4101 0.912693
723 4165 0.912680
3833 5354 0.912680
1935 3030 0.912680
3453 4100 0.912665
36 394 0.912663
1821 2254 0.912655
299 4188 0.912654
2957 4646 0.912596
1001 4279 0.912595
842 5992 0.912584
2038 2941 0.912516
2021 4997 0.912509
4638 5122 0.912501
840 3221 0.912484
2053 3647 0.912462
787 3246 0.912457
2039 2917 0.912407
723 2773 0.912401
2832 3334 0.912393
2254 5934 0.912382
4686 5493 0.912377
2430 5122 0.912375
4024 4691 0.912373
3173 4564 0.912365
3647 4101 0.912347
4632 5457 0.912341
4350 4458 0.912318
2784 3093 0.912289
664 3453 0.912288
1728 1900 0.912287
783 4595 0.912258
2934 4243 0.912255
569 3626 0.912233
676 2937 0.912226
281 2707 0.912196
3784 4897 0.912187
5335 5912 0.912179
924 2345 0.912157
3102 5423 0.912136
2352 2866 0.912119
842 1152 0.912114
1568 4992 0.912095
3313 3788 0.912087
1044 4243 0.912087
700 1924 0.912085
1168 4497 0.912065
1596 1945 0.912060
1619 2069 0.912051
738 5691 0.912051
3423 4849 0.912050
3458 4845 0.912035
1288 2578 0.912027
702 722 0.911998
255 519 0.911984
4525 5666 0.911980
3334 4262 0.911975
1594 3704 0.911959
2322 3894 0.911953
1084 5530 0.911943
1550 4030 0.911933
880 5691 0.911916
1669 2263 0.911903
3156 4204 0.911895
3409 3647 0.911881
5456 5802 0.911872
2281 2825 0.911862
3409 4879 0.911832
3525 4097 0.911830
3453 3980 0.911813
1452 2943 0.911793
5107 5354 0.911792
1391 2513 0.911781
1215 1945 0.911730
3219 3387 0.911727
4194 5679 0.911701
567 5764 0.911659
2844 4458 0.911642
529 2441 0.911639
1058 1637 0.911636
1960 4746 0.911621
5249 5267 0.911614
1085 3498 0.911583
1822 2491 0.911582
2708 4162 0.911563
4564 5675 0.911547
3318 3409 0.911544
5066 5350 0.911543
1288 1840 0.911514
2540 3823 0.911513
220 5394 0.911511
649 783 0.911506
1425 3823 0.911501
867 869 0.911499
5479 5499 0.911498
2844 5701 0.911484
2639 4909 0.911476
1336 5626 0.911473
3419 4488 0.911462
519 1110 0.911424
2389 3222 0.911395
677 2757 0.911391
2639 3887 0.911389
2514 4281 0.911386
3808 4653 0.911365
246 1044 0.911352
5328 5892 0.911324
517 1377 0.911310
4262 4595 0.911305
5182 5818 0.911264
1121 2002 0.911252
2002 3482 0.911247
3391 3714 0.911225
2358 5109 0.911213
3647 5354 0.911212
1825 1920 0.911186
1044 2957 0.911184
3173 5675 0.911149
2812 3954 0.911146
1537 3375 0.911120
4195 5575 0.911115
2513 3599 0.911108
3152 3528 0.911090
717 2821 0.911069
2051 3048 0.911055
879 2997 0.911037
2327 2595 0.911033
2120 4646 0.911020
115 129 0.910948
723 1678 0.910929
879 5691 0.910924
2248 2906 0.910912
2795 2938 0.910912
2002 2053 0.910910
2957 5064 0.910907
2556 3218 0.910886
674 3569 0.910879
2074 2744 0.910873
3484 5829 0.910870
5354 5684 0.910848
2228 2610 0.910840
4310 4629 0.910825
3604 4264 0.910800
4276 4504 0.910798
5354 5926 0.910783
101 2827 0.910754
783 1960 0.910747
1394 3048 0.910720
1822 6017 0.910715
1107 4745 0.910711
5452 5663 0.910709
1909 4074 0.910707
4293 4963 0.910701
2127 2315 0.910700
23 5354 0.910661
3662 4723 0.910641
2708 4164 0.910617
107 3872 0.910603
1669 2029 0.910595
3641 6016 0.910589
569 3150 0.910588
5194 5234 0.910577
3689 4262 0.910576
1566 2254 0.910568
517 1734 0.910535
4167 4880 0.910529
2707 3418 0.910507
723 872 0.910476
1961 2311 0.910470
1728 2226 0.910442
3313 5569 0.910355
1818 2650 0.910330
639 5951 0.910318
3030 3031 0.910314
1637 3641 0.910264
2973 4646 0.910247
1152 3872 0.910245
3149 4394 0.910239
5130 5468 0.910221
3387 5583 0.910209
3149 5763 0.910208
1852 2254 0.910194
2934 2957 0.910193
3241 3836 0.910192
3313 3671 0.910183
1110 5933 0.910171
680 4850 0.910171
5760 5880 0.910168
1242 2317 0.910160
1452 1568 0.910155
5691 5949 0.910083
1425 4301 0.910044
1920 2707 0.910042
734 4595 0.910028
1406 2786 0.910023
2870 3105 0.909999
4527 5169 0.909989
3705 6016 0.909984
4722 5957 0.909979
1115 2361 0.909974
2039 5974 0.909969
4488 4565 0.909967
2248 4097 0.909955
2153 4504 0.909945
448 3081 0.909937
717 2784 0.909930
3451 4890 0.909889
2628 2767 0.909884
3660 4871 0.909883
2296 5792 0.909852
1825 6016 0.909841
4556 5394 0.909837
183 4997 0.909786
4036 4041 0.909783
770 868 0.909750
5598 5762 0.909732
4097 4362 0.909731
4113 4502 0.909677
4554 4675 0.909661
2296 5758 0.909654
467 1098 0.909644
3218 3525 0.909634
2324 2545 0.909625
4052 4851 0.909578
524 526 0.909570
3514 3682 0.909548
4162 4165 0.909536
4243 5569 0.909521
3218 3980 0.909520
2845 5691 0.909484
246 3980 0.909484
1565 6016 0.909436
924 4362 0.909436
252 4850 0.909402
4281 5575 0.909384
2773 3641 0.909365
872 5989 0.909351
770 1153 0.909346
2441 5182 0.909343
1300 4737 0.909337
649 760 0.909315
220 5665 0.909301
1757 2708 0.909300
2784 3031 0.909289
2053 4879 0.909287
3664 3853 0.909269
4881 5259 0.909238
2390 3149 0.909238
3423 5182 0.909232
1960 4101 0.909196
220 3544 0.909183
3887 4992 0.909173
1258 3520 0.909171
2039 4910 0.909157
4897 5411 0.909146
1225 2343 0.909132
1448 2843 0.909118
879 4165 0.909115
183 4473 0.909079
3391 4879 0.909072
3041 3290 0.909071
3022 5300 0.909063
5234 5874 0.909059
252 742 0.909057
1568 2844 0.909052
101 4697 0.909025
3858 4709 0.908998
1084 3592 0.908973
1694 5108 0.908960
3338 3626 0.908954
569 3338 0.908923
5027 5687 0.908906
558 1616 0.908903
4310 4630 0.908898
4633 4746 0.908890
102 4604 0.908860
2254 4909 0.908846
879 4458 0.908844
1824 1825 0.908830
2290 2973 0.908812
3104 4164 0.908796
1825 2491 0.908775
1375 1544 0.908773
4384 4527 0.908773
2462 2578 0.908770
657 3423 0.908763
783 4324 0.908751
3890 4646 0.908730
1395 3113 0.908720
3626 3788 0.908715
1236 3682 0.908713
2321 4195 0.908710
2253 3239 0.908709
1246 1440 0.908704
3882 4504 0.908700
2595 4532 0.908685
1822 3705 0.908662
2760 4527 0.908661
2957 5802 0.908633
1263 3477 0.908628
2153 5974 0.908615
3218 4101 0.908614
880 4992 0.908586
2623 3334 0.908570
730 1678 0.908527
5064 5383 0.908523
1079 1924 0.908522
5112 5807 0.908514
1568 2942 0.908492
5205 5486 0.908449
3032 4683 0.908446
215 3419 0.908420
4799 5293 0.908409
2173 4171 0.908385
1678 2441 0.908367
2153 4686 0.908357
1816 2431 0.908347
5394 5665 0.908343
1903 5693 0.908343
65 1678 0.908339
1934 4052 0.908329
2810 3240 0.908324
1505 2510 0.908317
1770 2315 0.908315
2957 3218 0.908313
2002 3218 0.908310
924 3525 0.908308
4649 5411 0.908303
872 2254 0.908296
2491 4164 0.908294
2544 2546 0.908229
1637 3660 0.908196
103 4604 0.908191
3491 3990 0.908156
836 1336 0.908151
2973 3218 0.908144
3240 4761 0.908134
4595 4646 0.908114
2292 2560 0.908111
3045 3558 0.908108
1842 2812 0.908084
5934 6018 0.908072
818 820 0.908041
3263 4126 0.908032
598 5278 0.908026
1902 4282 0.908013
2098 5393 0.908008
1074 4918 0.907985
2690 4690 0.907933
3527 4287 0.907931
1756 6016 0.907900
1505 2531 0.907831
744 5276 0.907800
103 1183 0.907786
1183 5394 0.907772
1878 3458 0.907770
2254 2491 0.907767
2560 4595 0.907738
4627 4779 0.907716
2974 5693 0.907708
4880 4909 0.907704
3218 3453 0.907693
2833 4639 0.907668
5074 5792 0.907661
723 4653 0.907604
2074 3030 0.907595
1152 1460 0.907587
299 872 0.907581
723 880 0.907560
3239 5693 0.907550
2560 3381 0.907545
1110 4332 0.907530
3510 4530 0.907509
3164 4041 0.907506
2722 5782 0.907502
2784 4614 0.907496
3710 4223 0.907482
1565 3705 0.907464
1345 5468 0.907456
4474 4809 0.907433
2153 5626 0.907409
575 5530 0.907405
1058 4849 0.907402
2441 3705 0.907400
857 4520 0.907393
1460 2876 0.907381
3458 4276 0.907362
2290 4324 0.907317
2184 2890 0.907301
2744 4953 0.907293
1318 5992 0.907291
1637 5182 0.907258
2425 4324 0.907257
1452 3423 0.907248
3808 5803 0.907242
5216 5874 0.907225
3219 4633 0.907224
4165 5989 0.907222
2832 3486 0.907203
639 5107 0.907202
54 3071 0.907177
1894 5527 0.907153
529 2254 0.907148
1471 2324 0.907119
1990 1992 0.907114
3030 4488 0.907091
728 892 0.907076
1878 5974 0.907026
1610 2235 0.907019
3738 4233 0.907017
5182 6016 0.907010
2827 5918 0.907004
776 939 0.907004
2153 2462 0.906986
246 1121 0.906950
2598 3381 0.906948
3808 4164 0.906923
4604 4768 0.906922
4262 4691 0.906919
3283 4864 0.906913
883 2557 0.906889
2157 4350 0.906884
1639 2704 0.906877
2002 2934 0.906844
840 4279 0.906829
1336 1550 0.906814
3149 4149 0.906813
3286 4496 0.906793
4450 5918 0.906781
2390 2557 0.906761
281 3754 0.906755
2487 2489 0.906753
3567 4104 0.906753
1934 4565 0.906735
523 3243 0.906725
3244 3665 0.906723
1565 1757 0.906715
3211 5316 0.906704
2243 3933 0.906696
392 5476 0.906665
3807 3946 0.906664
1985 4189 0.906663
842 859 0.906648
1565 2254 0.906643
3218 3219 0.906636
2440 4740 0.906636
1566 6016 0.906628
4338 5570 0.906603
2845 5792 0.906601
4379 4617 0.906584
4030 5033 0.906553
4880 5691 0.906542
2002 4681 0.906525
880 2844 0.906497
934 1260 0.906493
1044 2556 0.906479
3030 4850 0.906467
2830 5842 0.906461
1121 4595 0.906460
1121 3980 0.906434
3862 4095 0.906428
842 1460 0.906411
3803 4630 0.906401
2462 3527 0.906383
1981 3149 0.906379
2881 5803 0.906373
2427 3158 0.906358
2879 3074 0.906354
3641 4165 0.906347
4008 5283 0.906337
2425 5061 0.906328
1345 4883 0.906320
2306 3823 0.906316
2050 2529 0.906275
3808 5834 0.906232
457 5847 0.906232
1062 2425 0.906217
2306 5631 0.906210
2312 6012 0.906206
3240 4268 0.906196
281 4162 0.906193
598 1914 0.906173
1550 4686 0.906172
2294 3075 0.906166
1717 5493 0.906153
3803 5778 0.906152
2264 4878 0.906129
649 2290 0.906108
545 1717 0.906098
2957 3647 0.906097
5853 5875 0.906087
869 1616 0.906082
2491 5818 0.906078
3872 5276 0.906077
2153 2741 0.906076
3094 6012 0.906072
1263 3385 0.906058
1887 3480 0.906056
529 6017 0.906051
5575 5970 0.906040
21 1184 0.906039
2304 3330 0.906036
209 1821 0.906028
5758 5989 0.906025
1406 4483 0.906018
4163 5803 0.906011
664 5684 0.906007
133 4219 0.906005
215 4851 0.906003
883 1121 0.905969
1794 5454 0.905950
2029 2071 0.905949
2997 4214 0.905927
21 5394 0.905925
598 4614 0.905917
680 3093 0.905912
5002 6017 0.905899
577 4565 0.905898
513 1371 0.905894
155 3071 0.905871
487 1011 0.905853
2625 4219 0.905820
4256 4628 0.905818
576 4488 0.905812
2321 2810 0.905807
1425 2306 0.905804
2906 4101 0.905799
2997 3887 0.905776
542 1545 0.905723
2942 4350 0.905689
2744 4565 0.905688
986 2759 0.905688
1357 1546 0.905663
3538 5992 0.905660
1476 2377 0.905655
4910 5675 0.905639
2297 3808 0.905618
3453 4646 0.905612
2876 5412 0.905603
2973 3453 0.905597
4529 5109 0.905595
2696 4691 0.905539
532 584 0.905523
4787 5666 0.905513
768 3030 0.905503
1512 1627 0.905503
924 1981 0.905472
1153 1171 0.905463
363 2317 0.905457
4545 4993 0.905445
419 5631 0.905436
107 4966 0.905434
3423 5074 0.905422
4384 5776 0.905420
4439 4880 0.905394
3218 5748 0.905381
3211 4963 0.905367
1825 6017 0.905340
4689 5850 0.905336
3149 4243 0.905334
1101 3347 0.905328
5194 5844 0.905323
1944 4279 0.905294
2652 5432 0.905276
2294 2812 0.905234
872 4439 0.905226
2290 3121 0.905220
2306 2400 0.905198
3121 3647 0.905165
4152 4850 0.905152
4966 5992 0.905150
2425 4540 0.905139
2002 5754 0.905137
1565 2708 0.905097
299 3641 0.905092
54 5205 0.905082
1678 3354 0.905081
2707 2708 0.905066
3996 4421 0.905062
639 4100 0.905062
2089 2851 0.905060
1935 2074 0.905043
3770 5070 0.905014
1086 2366 0.905011
3409 3558 0.905000
3045 4262 0.904995
577 3498 0.904994
1960 4324 0.904992
2708 4653 0.904981
4976 5410 0.904977
1710 2236 0.904965
54 5294 0.904952
2248 5457 0.904951
1406 1550 0.904950
1887 2003 0.904943
3647 4685 0.904935
1458 4860 0.904921
3052 3200 0.904913
2304 4632 0.904912
4921 5107 0.904906
2784 4851 0.904892
2650 5464 0.904890
2810 4630 0.904865
1765 2143 0.904856
561 894 0.904844
65 2881 0.904839
1878 4845 0.904835
734 4684 0.904802
1823 2254 0.904789
3808 5792 0.904753
4268 4281 0.904746
5988 6018 0.904733
4995 5355 0.904727
2254 2441 0.904705
1823 1920 0.904695
2623 4685 0.904679
1573 2425 0.904655
1300 1909 0.904653
2814 5399 0.904652
4634 5486 0.904630
682 1381 0.904625
5445 5573 0.904601
2039 2327 0.904577
3290 4081 0.904572
1100 2114 0.904549
2079 3788 0.904537
1822 1852 0.904533
4101 5569 0.904527
4684 5569 0.904520
598 742 0.904504
4819 5317 0.904502
2719 3738 0.904501
2305 2425 0.904500
928 3271 0.904491
783 2248 0.904490
2120 2557 0.904481
3045 3219 0.904466
2917 4003 0.904420
226 5823 0.904404
1821 6017 0.904401
872 2366 0.904388
1610 3164 0.904356
1960 3218 0.904345
2595 4705 0.904337
1078 1400 0.904337
657 1452 0.904335
4548 4620 0.904329
5170 5754 0.904310
1565 2491 0.904273
1558 2718 0.904238
879 5988 0.904236
3149 4100 0.904235
4777 5834 0.904225
3738 4878 0.904224
2917 4483 0.904223
2390 3045 0.904223
565 1920 0.904219
2322 5933 0.904208
4101 4595 0.904199
730 3808 0.904197
4614 5278 0.904195
3647 5754 0.904194
3318 4262 0.904190
4819 5456 0.904188
3887 5934 0.904176
2625 3689 0.904165
869 1573 0.904154
79 5694 0.904137
1044 3318 0.904135
3218 3879 0.904082
4893 5409 0.904076
1832 4617 0.904062
4397 4632 0.904053
523 5974 0.904044
1269 2556 0.904040
5317 5721 0.904036
639 2290 0.904017
1506 4522 0.903976
1121 2557 0.903975
2002 4684 0.903958
3041 5395 0.903952
2883 5764 0.903946
5031 5228 0.903946
2719 3313 0.903942
2579 4596 0.903937
568 5764 0.903925
344 5952 0.903920
879 5758 0.903909
2692 3292 0.903901
1919 2595 0.903899
723 2254 0.903883
1121 4684 0.903871
3626 4595 0.903871
779 2755 0.903865
5021 5717 0.903856
2248 2957 0.903851
1979 3689 0.903840
1840 2828 0.903804
3300 3419 0.903796
3218 4646 0.903779
1662 3808 0.903776
2290 2906 0.903775
3071 4632 0.903770
3111 3113 0.903749
2056 5272 0.903724
3048 5107 0.903685
1569 1759 0.903679
3901 5317 0.903675
749 2069 0.903647
1121 2957 0.903646
1121 2906 0.903634
2625 4596 0.903627
3045 3626 0.903624
1362 3365 0.903598
215 4488 0.903563
2560 4262 0.903560
3650 4962 0.903550
736 1936 0.903544
4166 5818 0.903530
802 1395 0.903518
5626 5703 0.903515
5061 5507 0.903505
5406 5408 0.903505
872 2643 0.903462
2053 3391 0.903448
1852 3641 0.903414
1920 4439 0.903374
2290 3482 0.903372
1152 3512 0.903353
2934 3391 0.903342
2812 4211 0.903340
2928 5752 0.903325
2322 3803 0.903324
1637 5934 0.903300
3286 4599 0.903293
584 4850 0.903273
1934 5530 0.903264
872 4167 0.903253
2269 4570 0.903253
3313 4878 0.903237
2792 4482 0.903229
1244 3626 0.903226
2560 4685 0.903215
1726 1728 0.903208
3833 5355 0.903202
3962 4249 0.903202
1246 2315 0.903197
2345 5583 0.903196
928 5423 0.903193
2359 3389 0.903185
3641 4458 0.903183
2754 3900 0.903181
1878 4286 0.903170
2997 4992 0.903161
3338 4646 0.903158
594 840 0.903148
299 5934 0.903141
1794 3788 0.903134
1121 1603 0.903127
2294 2925 0.903117
2411 4315 0.903104
2269 2978 0.903098
864 3918 0.903095
3316 4480 0.903086
2876 3538 0.903080
883 3391 0.903065
1573 1616 0.903057
2862 5693 0.903053
4362 5748 0.903049
4196 4719 0.903039
3048 3500 0.903036
2290 4100 0.903007
2514 5933 0.903005
3360 3955 0.902988
1069 4025 0.902980
2557 4101 0.902980
722 728 0.902964
5313 5689 0.902956
1245 1344 0.902955
2844 4992 0.902937
2328 3087 0.902924
2290 3149 0.902907
580 2014 0.902904
2578 4030 0.902891
5122 5860 0.902875
1994 3587 0.902866
1458 1811 0.902862
452 471 0.902853
1112 3453 0.902851
2876 3872 0.902850
2120 5644 0.902832
3324 4397 0.902824
4806 5306 0.902792
40 790 0.902783
1375 1395 0.902761
4633 5583 0.902750
647 2290 0.902739
4097 4646 0.902702
2973 4962 0.902698
4458 5934 0.902680
21 4918 0.902668
3971 4030 0.902657
2601 4871 0.902646
1506 5393 0.902641
738 880 0.902598
3768 4024 0.902591
2327 5033 0.902591
1998 5970 0.902563
577 2744 0.902556
2305 4540 0.902552
4565 4851 0.902543
688 5368 0.902542
2844 5074 0.902538
757 4851 0.902518
34 1677 0.902515
2498 3313 0.902515
3339 3626 0.902512
3528 4354 0.902504
3462 4312 0.902496
2217 2247 0.902473
1662 2773 0.902443
730 872 0.902435
545 5280 0.902426
1757 2491 0.902414
2053 5107 0.902412
4726 5291 0.902412
3423 4350 0.902381
2248 4324 0.902364
1506 1507 0.902348
742 5730 0.902347
3240 4684 0.902345
2578 3971 0.902339
1550 3005 0.902337
1137 2882 0.902335
2440 2880 0.902307
3890 4684 0.902290
4293 5486 0.902290
2744 5641 0.902285
280 300 0.902263
2957 3149 0.902237
5120 5378 0.902211
3047 3860 0.902192
2393 5493 0.902191
99 279 0.902180
3121 3338 0.902179
3031 5490 0.902177
2254 2708 0.902169
841 2925 0.902163
2002 2906 0.902155
1717 4845 0.902141
551 4878 0.902140
1794 2625 0.902135
4183 4186 0.902131
299 5988 0.902127
4362 4595 0.902105
868 1153 0.902087
3699 3884 0.902083
722 2212 0.902074
1327 1395 0.902065
4297 5683 0.902063
4403 4488 0.902055
2578 4504 0.902052
4097 5583 0.902042
4173 5005 0.902036
4164 4880 0.902031
1537 3437 0.902024
1209 2239 0.901998
880 1637 0.901994
1529 2766 0.901991
1935 4850 0.901974
155 3453 0.901962
569 3647 0.901951
4904 5259 0.901947
5399 5684 0.901944
40 184 0.901942
1058 5949 0.901932
2248 4101 0.901928
4403 5530 0.901919
3453 4685 0.901917
2098 4473 0.901898
3430 5960 0.901893
5746 5777 0.901887
2812 3005 0.901883
2304 2425 0.901873
3045 3453 0.901865
2786 4779 0.901861
3313 5644 0.901861
2881 4909 0.901857
2957 4819 0.901848
2334 4214 0.901842
3458 5520 0.901834
1993 5061 0.901824
2053 4394 0.901821
4164 5182 0.901817
1232 2083 0.901807
1193 1377 0.901801
2074 4488 0.901798
2578 3527 0.901788
575 1935 0.901787
1824 3418 0.901781
1960 4681 0.901781
2893 4746 0.901768
801 2759 0.901765
1890 2322 0.901762
4764 5310 0.901750
3150 3671 0.901748
3788 4685 0.901746
1855 5810 0.901732
299 2639 0.901723
872 6016 0.901718
2906 3149 0.901708
717 759 0.901697
3096 3196 0.901693
1464 1767 0.901676
2957 4100 0.901672
4570 4930 0.901672
2272 3480 0.901671
5818 5934 0.901660
783 1121 0.901650
4832 4852 0.901636
2531 5064 0.901626
1878 2039 0.901616
1452 1637 0.901580
3597 5064 0.901578
3219 3626 0.901576
5353 5856 0.901570
2253 2514 0.901566
4106 5122 0.901534
2270 4242 0.901534
1686 2687 0.901530
3219 3453 0.901523
3354 4167 0.901512
872 4909 0.901502
529 4164 0.901491
734 2248 0.901487
1001 2562 0.901484
1044 5107 0.901472
3104 6016 0.901458
2531 3453 0.901447
3453 5355 0.901427
3048 4596 0.901397
1532 2098 0.901374
734 1960 0.901348
1550 3527 0.901331
2248 4243 0.901329
4856 5119 0.901328
4458 5074 0.901306
215 577 0.901290
1044 1981 0.901286
305 2704 0.901276
5182 5803 0.901275
3714 5249 0.901267
3558 3626 0.901258
2554 3602 0.901253
1406 4910 0.901253
1460 2323 0.901247
2120 2264 0.901234
575 4403 0.901232
1794 3689 0.901221
3035 3057 0.901215
2707 3147 0.901210
757 4565 0.901198
419 742 0.901191
419 2462 0.901149
2531 4243 0.901138
3569 3727 0.901134
209 1566 0.901132
744 2899 0.901132
1057 1373 0.901084
1866 2995 0.901081
5182 5792 0.901080
5107 5625 0.901075
3318 5125 0.901056
1044 2053 0.901050
2668 2813 0.901048
65 4167 0.901042
421 755 0.901028
4446 5156 0.901007
2918 4003 0.901005
924 2556 0.900986
1121 2556 0.900982
3217 3661 0.900979
723 5803 0.900962
281 2491 0.900932
3173 5626 0.900888
5201 5282 0.900877
2390 3647 0.900874
3641 4909 0.900873
3096 3290 0.900864
3641 4880 0.900859
757 3031 0.900858
1822 5803 0.900843
3808 5988 0.900834
4811 5361 0.900823
3081 4473 0.900791
517 557 0.900768
2708 3705 0.900758
738 2650 0.900754
3246 5305 0.900750
2431 4545 0.900750
1811 4860 0.900723
2973 4097 0.900719
734 3525 0.900697
3784 4976 0.900696
1678 1825 0.900677
2625 3313 0.900666
717 3030 0.900665
2334 2601 0.900661
1960 4684 0.900647
2323 3872 0.900620
820 2773 0.900614
2248 2390 0.900614
3641 4164 0.900609
4633 5419 0.900607
4439 6016 0.900603
1801 2422 0.900584
2934 4646 0.900583
1934 3300 0.900570
2292 3381 0.900556
3385 5371 0.900555
2598 3224 0.900551
2827 4997 0.900542
1490 6017 0.900524
2412 3548 0.900518
1693 4100 0.900515
1058 2773 0.900509
1479 2511 0.900503
2572 2659 0.900465
577 4850 0.900464
107 3538 0.900447
723 5989 0.900424
2290 3338 0.900412
3808 4458 0.900412
3832 4420 0.900407
645 2559 0.900402
1183 1532 0.900394
4907 5573 0.900382
1994 3918 0.900367
3500 5754 0.900356
2358 5627 0.900346
471 4243 0.900342
4632 5197 0.900323
215 2744 0.900318
656 892 0.900288
4575 5527 0.900284
3243 4379 0.900278
5074 5988 0.900273
738 2296 0.900269
1849 2402 0.900268
2441 2490 0.900263
4595 4596 0.900247
717 1914 0.900234
358 2318 0.900233
184 4525 0.900224
27 190 0.900223
1594 4222 0.900213
523 1336 0.900204
4883 5468 0.900183
717 3592 0.900170
5061 5249 0.900161
473 4617 0.900158
3048 3381 0.900150
3071 4921 0.900146
488 1941 0.900144
2390 4100 0.900128
1058 3475 0.900108
3290 5394 0.900057
3332 3486 0.900054
3453 5569 0.900029
5293 5625 0.900021
3597 3909 0.900011
4097 4595 0.900006
